# DBLP Co-authorship Network (Sample)
# This is a sample subset of the DBLP collaboration network
# Full dataset: https://snap.stanford.edu/data/com-DBLP.html
# Nodes represent authors, edges represent co-authorship
100 250
0 1
0 2
0 5
1 3
1 7
2 4
2 8
3 6
3 9
4 10
5 11
5 12
6 13
7 14
8 15
9 16
10 17
11 18
12 19
13 20
14 21
15 22
16 23
17 24
18 25
19 26
20 27
21 28
22 29
23 30
24 31
25 32
26 33
27 34
28 35
29 36
30 37
31 38
32 39
33 40
34 41
35 42
36 43
37 44
38 45
39 46
40 47
41 48
42 49
43 50
44 51
45 52
46 53
47 54
48 55
49 56
50 57
51 58
52 59
53 60
54 61
55 62
56 63
57 64
58 65
59 66
60 67
61 68
62 69
63 70
64 71
65 72
66 73
67 74
68 75
69 76
70 77
71 78
72 79
73 80
74 81
75 82
76 83
77 84
78 85
79 86
80 87
81 88
82 89
83 90
84 91
85 92
86 93
87 94
88 95
89 96
90 97
91 98
92 99
1 10
2 11
3 12
4 13
5 14
6 15
7 16
8 17
9 18
10 19
11 20
12 21
13 22
14 23
15 24
16 25
17 26
18 27
19 28
20 29
21 30
22 31
23 32
24 33
25 34
26 35
27 36
28 37
29 38
30 39
31 40
32 41
33 42
34 43
35 44
36 45
37 46
38 47
39 48
40 49
41 50
42 51
43 52
44 53
45 54
46 55
47 56
48 57
49 58
50 59
51 60
52 61
53 62
54 63
55 64
56 65
57 66
58 67
59 68
60 69
61 70
62 71
63 72
64 73
65 74
66 75
67 76
68 77
69 78
70 79
71 80
72 81
73 82
74 83
75 84
76 85
77 86
78 87
79 88
80 89
81 90
82 91
83 92
84 93
85 94
86 95
87 96
88 97
89 98
90 99
0 20
1 21
2 22
3 23
4 24
5 25
6 26
7 27
8 28
9 29
10 30
11 31
12 32
13 33
14 34
15 35
16 36
17 37
18 38
19 39
20 40
21 41
22 42
23 43
24 44
25 45
26 46
27 47
28 48
29 49
30 50
31 51
32 52
33 53
34 54
35 55
36 56
37 57
38 58
39 59
